6.400
7.000
7.400
7.600
8.000
8.000
8.200
8.600
8.700
9.300
10.000
10.000
10.000
10.400
11.000
12.000
12.000
12.000
12.500
14.500
15.000
15.000
15.400
15.400
17.000
17.000
17.000
17.300
17.400
17.500
17.600
17.700
18.000
18.000
18.000
18.000
18.000
18.200
18.500
18.600
19.700
20.000
20.000
20.000
20.300
20.800
21.800
22.400
22.600
22.700
23.000
23.000
23.400
23.800
24.000
24.500
24.600
24.800
25.400
25.800
26.000
26.200
26.300
28.300
28.800
30.100
30.200
32.000
32.000
32.500
38.000
42.400
45.000
46.000
