1.630
-0.050
-0.020
0.550
1.050
-0.190
0.690
-0.120
0.710
0.240
-0.130
0.400
0.230
0.200
1.370
0.660
-0.460
0.300
0.780
0.530
-0.020
0.600
0.120
-0.270
0.720
-0.840
0.270
0.570
-0.630
-0.230
0.730
0.090
0.310
1.110
1.370
0.370
0.030
0.270
-0.910
0.250
0.890
-0.850
0.420
0.290
-0.160
0.520
-0.800
0.920
-0.820
0.140
1.200
-0.730
0.450
0.870
0.320
0.720
1.110
0.410
0.380
0.940
0.730
-0.810
1.310
0.710
-0.540
0.120
0.490
0.020
0.810
-0.070
0.510
-1.080
0.740
1.540
0.700
2.060
0.150
-1.610
0.580
0.130
-0.210
-0.270
0.830
0.970
-0.030
1.060
-0.260
0.050
0.430
-0.460
1.020
0.110
-0.100
1.130
0.130
0.460
0.480
-0.140
-0.220
-0.010