-0.390
-0.380
-0.710
-0.500
0.320
-0.070
-0.570
-0.120
-0.960
-0.420
-0.620
-0.140
-0.130
-0.580
-0.540
-0.880
-0.350
-0.570
-0.540
-0.620
-0.680
-0.470
-0.750
-0.110
-0.280
-0.200
0.040
-0.420
-0.320
-1.020
-0.300
-0.570
-0.560
-0.250
-0.250
-1.180
-0.770
-0.090
-0.060
-0.870
-0.500
0.070
-0.530
-0.100
-0.230
0.130
-0.620
-0.140
-0.190
-0.320
-0.240
-0.650
-0.360
-0.400
-0.160
-0.380
-1.120
-0.250
-0.060
-1.080
-0.340
-0.260
-0.320
-0.210
-0.390
-1.130
-0.570
-0.650
-0.180
-0.870
-0.570
-0.470
-0.580
-0.460
-1.180
-0.120
0.170
-0.590
-0.490
-0.180
-0.620
-0.500
0.130
-1.090
-0.660
-0.090
-1.060
-0.090
-0.650
-0.240
-0.540
-0.250
-0.330
-0.310
-0.420
0.120
-0.590
-0.030
-0.040
-0.740