1.150
1.400
1.440
1.930
1.330
1.330
1.390
1.000
1.270
1.270
1.030
1.190
1.390
1.290
1.320
1.280
1.020
0.990
1.240
0.740
1.010
1.180
1.180
1.120
1.360
1.460
1.340
0.770
1.140
1.000
1.180
1.200
1.530
1.310
1.650
1.290
1.650
1.570
1.360
1.300
1.470
1.320
1.250
0.870
1.290
1.140
2.030
1.480
1.850
1.150
1.260
1.110
1.460
1.240
1.190
1.230
1.130
1.000
1.080
1.230
1.630
1.670
1.180
1.360
1.880
1.350
0.930
1.360
1.380
1.630
1.370
1.490
0.760
1.370
1.380
1.160
1.440
0.910
1.720
1.010
1.060
1.160
1.730
0.800
1.370
1.410
1.300
1.510
1.510
1.370
1.580
1.300
0.920
0.980
1.570
0.820
0.880
1.090
1.460
1.470
1.280
1.390
1.400
0.860
1.010
0.820
0.880
0.930
1.340
1.670
1.300
0.980
1.560
0.930
1.170
1.390
1.450
1.320
1.280
1.550
1.450
1.570
1.530
1.600
1.280
1.210
0.900
1.520
1.080
1.250
0.860
1.190
1.020
1.400
1.400
0.360
1.130
1.050
1.630
1.930
1.030
1.270
1.490
1.510
1.400
0.340
1.630
1.020
0.880
1.060
1.170
1.520
1.100
1.370
0.960
1.280
1.420
1.070
1.600
1.280
1.310
1.240
1.440
2.030
1.420
0.960
1.520
1.120
0.800
1.860
1.310
1.950
1.190
1.480
1.280
1.670
1.290
1.460
1.550
1.280
0.630
1.260
1.230
1.560
0.870
1.320
1.270
1.820
0.740
1.230
1.360
1.430
2.010
1.590
0.930
0.940
0.220
1.770
1.150
1.670
